s = 10000
0.00000000
0.00000000
0.05840000
0.00000000
0.00000000
0.00000000
0.04420000
0.05300000
0.07810000
0.04840000
0.00000000
0.00000000
0.03970000
0.00000000
0.00000000
0.00000000
0.00000000
0.00000000
0.00000000
0.00000000

s = 100000
0.00000000
0.00000000
0.01460000
0.00000000
0.00000000
0.00000000
0.01244000
0.02801000
0.02019000
0.01266000
0.00000000
0.00000000
0.01410000
0.00000000
0.00000000
0.00000000
0.00000000
0.00000000
0.00000000
0.00000000

s=10^6
0.00000000
0.00000000
0.01440500
0.00000000
0.00000000
0.00000000
0.01489000
0.02852400
0.01996800
0.01327700
0.00000000
0.00000000
0.01418000
0.00000000
0.00000000
0.00000000
0.00000000
0.00000000
0.00000000
0.00000000

s=10^7
0.00000000
0.00000000
0.01535180
0.00000000
0.00000000
0.00000000
0.01494470
0.02825380
0.02054950 
0.01345750
0.00000000
0.00000000
0.01520780
0.00000000
0.00000000
0.00000000
0.00000000
0.00000000 
0.00000000
0.00000000   
